5 10 15 20 
0 
5 10 15 20 
5 10 15 20 
5 10 15 20 22 24 
0 
5 10 15 20 
5 10 15 20 
0 
5 10 15 20 
5 10 15 
5 6 7 8 10 13 15 
5 10 15 20 
5 10 15 20 
5 10 15 20 
0 
0 5 
5 10 15 20 
0 5 10 20 
5 10 15 20 21 
5 10 15 20 
0 
5 10 15 17 20 22 
5 10 15 20 
0 
0 
0 
24 
5 10 15 20 
5 10 15 20 
0 
10 15 20 24 
5 10 15 20 
0 
0 
5 10 15 20 
0 
5 10 15 20 
5 10 15 20 
5 10 15 20 
0 
5 10 15 20 
5 10 15 20 
5 10 15 20 
0 
5 10 15 20 
5 10 15 20 
0 
0 5 
5 15 19 20 24 
0 
20 23 24 
0 
5 10 15 20 
5 10 15 20 21 
15 17 18 20 22 23 24 
0 
5 10 15 20 
5 10 15 20 
5 10 15 20 22 
0 
5 10 15 20 
0 
24 
0 
5 6 10 15 20 
5 10 15 20 
5 10 15 20 
5 10 11 15 16 17 18 20 21 22 23 
20 21 22 23 24 
5 10 15 20 
5 10 15 20 
5 10 15 20 
5 10 15 20 
5 10 15 20 
0 
0 
5 10 15 20 
0 
10 15 20 24 
0 
10 
0 5 
5 10 15 20 
5 10 15 20 
5 10 15 20 
5 10 15 20 
24 
5 10 15 20 
5 10 15 20 
5 10 15 20 
0 
15 18 19 20 21 22 23 24 
5 10 15 20 
5 10 15 20 
5 10 15 20 
5 10 15 20 
5 10 15 20 
5 10 15 20 23 24 
0 
5 10 15 20 
5 10 15 20 
5 10 15 20 
0 
10 15 20 21 22 24 
5 10 15 20 
0 
0 5 10 15 20 
5 10 15 20 
5 10 15 20 
0 
5 10 11 15 16 20 
5 10 15 20 
5 10 11 15 16 17 20 
5 6 10 15 20 
0 
5 10 15 20 
5 10 20 
10 11 12 13 14 17 18 
5 10 15 20 
5 10 
5 10 15 20 
5 10 15 20 
5 10 15 20 
0 
5 10 11 12 15 20 
5 10 15 20 
5 10 15 20 
5 10 15 20 
5 10 15 20 
5 10 15 20 
5 10 15 20 
5 10 15 20 
5 10 15 20 
19 24 
0 
5 10 15 20 
0 
15 20 
5 10 15 20 22 24 
0 
10 15 20 24 
0 
5 10 15 20 
5 10 15 20 
0 
0 
0 
0 
5 10 15 20 
5 10 15 20 
10 15 20 22 23 24 
5 10 15 20 
5 10 15 20 
5 10 15 20 
0 
5 10 15 20 
5 10 15 20 
5 10 15 20 
5 10 15 20 
0 
5 10 15 20 
5 10 15 20 
0 
0 
5 10 15 20 
0 
5 10 20 24 
5 10 15 20 
5 10 15 20 
5 10 
0 
0 
5 10 11 15 20 
5 10 15 20 
10 13 14 15 17 18 19 20 21 22 23 24 
5 10 11 15 20 
5 10 15 20 
0 
20 22 23 24 
0 
15 20 22 
5 10 15 20 
5 10 15 
0 
5 10 15 20 
5 10 15 20 
5 10 15 20 
0 
5 10 15 20 
5 10 15 20 
5 10 15 17 18 19 20 21 24 
5 10 12 15 
5 10 15 20 
0 
5 10 15 
0 
5 10 15 
5 10 
5 10 11 12 15 20 22 
5 10 15 20 
0 
15 20 21 22 23 24 
5 10 15 20 
5 10 11 15 20 
5 10 15 20 
5 10 15 20 
5 10 15 20 
5 10 15 20 
5 10 15 20 22 24 
0 
5 10 15 20 
5 10 15 20 
5 10 15 20 
5 7 10 15 
5 10 15 20 
0 5 10 15 
0 
5 10 15 20 
5 6 10 15 20 
5 10 15 20 21 22 23 24 
0 
0 
10 15 20 22 23 24 
0 
5 10 15 20 
0 
5 10 15 20 
5 10 15 20 
5 10 15 20 
5 10 15 20 
10 
10 15 20 22 23 24 
5 10 15 20 
5 10 15 20 
5 10 15 20 
0 
5 10 15 
0 
0 
0 
5 8 10 12 15 17 24 
5 10 15 20 
0 
0 
0 
24 
0 
5 10 15 20 
5 10 12 15 16 17 20 22 
0 
23 24 
10 15 20 22 23 24 
5 10 15 20 
5 10 15 20 
0 
24 
5 10 15 20 
0 
5 10 15 20 
5 10 15 
5 10 15 20 
5 10 15 20 
5 10 15 20 
0 5 10 15 
0 
0 
0 
0 
20 22 23 24 
5 10 15 20 
0 
5 10 15 20 
5 10 15 20 
5 10 15 20 
0 
0 
5 10 15 20 22 23 
5 10 11 12 15 17 18 19 20 21 22 23 24 
5 10 15 20 
5 10 15 20 
5 10 
5 10 15 20 
5 10 15 20 
5 10 15 20 
10 15 20 
5 10 11 15 20 
0 
0 
5 10 15 20 
5 10 15 20 
5 10 14 15 18 19 20 21 22 23 24 
5 10 15 20 
0 
0 
5 10 15 20 
10 11 15 20 
5 10 15 20 
0 
24 
5 10 15 20 
0 
5 10 15 20 
5 10 15 20 24 
5 10 15 20 
0 1 3 4 
5 10 15 20 
0 
0 
0 
5 10 15 20 
5 10 15 20 
5 10 15 20 
5 10 15 20 
5 10 15 20 
5 10 15 20 21 
5 10 15 20 
5 10 12 15 20 
5 10 15 20 
0 
0 
5 10 15 20 
5 10 15 20 
10 15 20 
0 
0 
0 
5 10 15 20 
5 20 
5 10 15 17 20 22 24 
15 20 
0 
5 10 15 
5 10 15 20 
0 
15 20 24 
5 10 15 20 
5 10 15 
5 15 20 
0 
0 
0 
5 10 
5 10 15 17 20 23 24 
5 10 15 20 21 22 23 24 
0 
5 10 12 15 20 
5 10 15 20 
0 
5 10 15 20 
5 10 15 20 
0 
15 20 22 23 24 
0 5 
5 10 15 20 
5 10 15 20 
5 10 15 20 
0 
5 10 15 20 
5 10 15 20 
5 10 15 20 
0 
0 
0 
0 
5 10 15 20 
0 
23 24 
5 10 15 20 
0 
5 10 15 20 
10 15 20 21 22 23 24 
5 10 15 20 
5 10 15 20 
0 
0 
5 10 15 20 
20 22 23 24 
5 10 15 20 
0 5 
5 10 15 20 
5 10 15 20 
0 
5 10 15 20 
5 10 15 20 
0 
5 6 10 15 20 
0 
0 
0 
5 10 15 20 
5 10 15 
5 10 15 20 
5 10 15 20 
5 10 15 20 
0 
0 
10 11 15 20 22 
5 10 15 20 
5 10 15 20 
5 10 15 20 
5 10 15 20 
5 10 15 20 
0 
5 10 15 20 
0 
5 10 15 20 
15 20 
5 10 15 20 
5 10 15 20 
5 6 10 15 20 
5 10 15 20 
5 10 15 20 
0 
0 
17 24 
5 10 15 20 
5 10 15 20 
10 15 20 23 24 
5 10 15 20 
5 10 
5 10 15 20 
0 
24 
0 
0 
5 10 15 20 
5 10 11 15 20 
0 
0 
0 
5 10 15 20 
10 15 20 23 24 
5 10 15 20 
0 
0 
0 
5 10 15 20 
5 10 15 20 
5 10 15 20 
5 10 15 20 
5 10 15 20 
0 
5 10 15 20 
0 
5 10 15 
5 10 15 
5 10 15 20 
5 10 15 20 
0 
0 
5 10 15 20 
0 
5 10 11 15 17 20 23 24 
0 
5 10 15 20 
5 10 15 20 
5 10 15 20 
5 10 15 20 
0 
5 10 15 17 19 20 21 22 23 24 
0 
5 10 15 20 
5 10 15 20 
5 10 15 20 
5 10 15 20 
0 
0 
5 10 15 20 
5 10 
14 24 
5 10 15 
0 
5 10 15 20 
5 10 15 
0 5 10 15 
5 10 15 20 
0 
5 10 15 20 
5 10 15 17 20 22 
0 
0 
0 
5 10 15 17 20 22 
5 10 15 20 
0 
5 10 15 17 20 23 24 
5 10 15 20 
0 
5 10 15 20 
5 10 15 20 
0 
5 10 15 20 
15 20 
5 10 15 20 
0 
0 
5 6 10 15 20 
5 10 15 20 
0 
0 
10 15 17 20 23 24 
0 5 10 
0 
0 
5 10 15 20 
5 10 15 
0 
5 10 15 20 
10 24 
5 10 15 20 21 
5 10 15 20 
0 
5 10 15 20 
5 10 15 20 
5 10 15 20 
10 15 
5 15 20 
22 24 
5 10 15 20 
5 10 15 20 
5 10 15 20 
5 10 15 20 21 22 23 24 
0 
5 10 15 20 
24 
5 7 8 10 15 17 18 20 
0 
0 4 
0 
5 10 15 20 23 
5 10 15 20 
0 
5 10 15 20 
0 5 
5 10 15 20 
0 
5 10 15 20 
0 
0 
5 10 15 20 
0 
5 10 15 
0 
5 10 15 20 
0 
5 10 11 12 15 20 
0 
5 10 15 20 
0 
0 
5 10 15 20 
5 10 15 20 
0 
0 
5 10 15 20 
5 10 15 20 
0 
5 10 15 
0 
5 10 15 20 
5 10 15 20 
24 
0 
0 5 10 15 
0 5 
5 10 15 20 
5 10 12 16 19 20 
5 10 15 20 
0 
5 10 15 20 
5 10 15 20 
5 10 15 20 
5 10 15 20 22 24 
0 
0 2 
0 
5 10 15 20 
0 
5 10 15 20 
5 10 15 20 
5 10 15 20 
0 
24 
5 10 15 20 
5 
0 
0 
5 10 15 17 20 24 
5 10 15 
5 10 15 20 24 
5 10 15 20 
0 
0 
0 
0 
0 
5 10 15 20 
5 10 15 
5 10 15 
0 
5 10 15 20 
5 10 15 20 
20 22 23 24 
0 5 10 
5 10 15 
5 10 15 20 
17 22 
0 
5 10 15 20 
0 
5 
0 20 
5 10 
5 10 15 20 
24 
0 
5 10 15 20 
0 
0 
0 
0 
5 10 11 12 15 16 17 18 20 21 22 23 24 
5 10 15 20 
0 
0 
0 
5 10 20 
5 10 15 20 
5 10 12 15 19 20 24 
0 
0 
0 
5 10 15 20 
5 10 15 20 
5 10 15 20 
5 10 15 20 
5 10 15 20 
5 10 15 20 22 24 
15 20 21 22 24 
5 10 15 20 24 
5 10 15 20 
15 20 22 24 
0 5 
5 15 
5 10 15 
0 
5 6 7 8 9 10 
0 1 
5 10 15 20 
5 10 15 20 24 
0 
0 
0 
0 
5 10 15 20 24 
5 10 15 20 
0 
0 
5 10 15 20 
5 10 15 20 
5 10 15 20 
5 10 15 20 24 
15 
5 10 15 20 
0 2 
5 10 15 20 
10 15 16 20 22 23 
20 24 
5 10 15 20 
5 10 15 20 
5 10 15 20 
10 15 20 22 24 
0 
5 10 15 20 
5 10 15 20 
5 10 12 15 20 
5 10 15 20 
5 10 15 20 
0 1 
5 10 15 20 
0 
0 
5 10 15 20 
0 
5 10 15 20 
5 10 12 20 
0 
5 10 
0 
5 10 15 20 
0 
0 
5 10 15 20 21 22 23 24 
0 
0 
0 
5 20 
5 10 15 17 18 20 21 22 23 24 
5 
5 10 15 20 
5 10 15 20 
5 10 15 20 
5 10 15 20 
0 
5 10 15 20 
5 10 15 20 
5 10 15 20 
0 
5 10 15 20 
5 10 15 20 
5 10 15 17 20 22 23 24 
0 
0 1 2 3 4 5 6 7 8 9 10 11 12 13 14 15 16 17 18 19 20 21 22 23 24 
0 1 2 3 4 5 6 7 8 9 10 11 12 13 14 15 16 17 18 19 20 21 22 23 24 
0 1 2 3 4 5 6 7 8 9 10 11 12 13 14 15 16 17 18 19 20 21 22 23 24 
